1735209120.2932594: joint:[-0.0020000000949949026, -90.0, 89.99800109863281, 44.999000549316406, 0.0, 90.0009994506836, -60.000999450683594] pose:[-0.302654, 0.250328, 0.240505, -1.57, -1.047, -0.785] grab:1002
1735209120.3266957: joint:[-0.0010000000474974513, -90.0, 89.99800109863281, 44.99800109863281, 0.0, 90.0009994506836, -60.0] pose:[-0.302667, 0.250319, 0.240505, -1.57, -1.047, -0.785] grab:1002
1735209120.360133: joint:[-0.0010000000474974513, -90.0, 89.99800109863281, 44.999000549316406, 0.0, 90.0009994506836, -60.00299835205078] pose:[-0.302661, 0.25032, 0.240505, -1.57, -1.047, -0.785] grab:1002
1735209120.393575: joint:[-0.0020000000949949026, -90.0, 89.99800109863281, 44.999000549316406, -0.0010000000474974513, 90.0009994506836, -60.0] pose:[-0.302654, 0.250328, 0.240509, -1.57, -1.047, -0.785] grab:1002
1735209120.427013: joint:[-0.0020000000949949026, -90.0, 89.99800109863281, 44.999000549316406, -0.0010000000474974513, 90.0009994506836, -60.0] pose:[-0.302654, 0.250328, 0.240509, -1.57, -1.047, -0.785] grab:1002
1735209120.460446: joint:[-0.0010000000474974513, -90.0009994506836, 89.99800109863281, 45.000999450683594, 0.0, 90.0009994506836, -60.000999450683594] pose:[-0.302654, 0.250321, 0.240499, -1.57, -1.047, -0.785] grab:1002
1735209120.4938745: joint:[-0.0010000000474974513, -90.0, 89.99800109863281, 44.999000549316406, -0.0010000000474974513, 90.0009994506836, -60.000999450683594] pose:[-0.302661, 0.25032, 0.240509, -1.57, -1.047, -0.785] grab:1002
1735209120.527318: joint:[-0.0020000000949949026, -90.0, 89.99800109863281, 44.999000549316406, -0.0010000000474974513, 90.0009994506836, -60.000999450683594] pose:[-0.302654, 0.250328, 0.240509, -1.57, -1.047, -0.785] grab:1002
1735209120.5607762: joint:[-0.0010000000474974513, -90.0, 89.99800109863281, 44.99800109863281, -0.0010000000474974513, 90.0009994506836, -60.0] pose:[-0.302667, 0.250319, 0.240509, -1.57, -1.047, -0.785] grab:1002
1735209120.5942144: joint:[-0.0010000000474974513, -90.0, 89.99700164794922, 44.999000549316406, -0.0010000000474974513, 90.0009994506836, -60.000999450683594] pose:[-0.302661, 0.25032, 0.240515, -1.57, -1.047, -0.785] grab:1002
1735209120.6276572: joint:[-0.0010000000474974513, -90.0, 89.99800109863281, 44.99800109863281, -0.0010000000474974513, 90.0, -60.0] pose:[-0.302669, 0.250321, 0.240509, -1.57, -1.047, -0.785] grab:1002
1735209120.6610727: joint:[-0.0020000000949949026, -90.0, 89.99800109863281, 44.999000549316406, 0.0, 90.0009994506836, -60.0] pose:[-0.302654, 0.250328, 0.240505, -1.57, -1.047, -0.785] grab:1002
1735209120.6944978: joint:[-0.0020000000949949026, -90.0, 89.99700164794922, 44.999000549316406, 0.0, 90.0009994506836, -60.000999450683594] pose:[-0.302654, 0.250328, 0.240511, -1.57, -1.047, -0.785] grab:1002
1735209120.727942: joint:[0.0, -90.0, 89.99800109863281, 44.99800109863281, -0.0010000000474974513, 90.0009994506836, -60.0] pose:[-0.302673, 0.250312, 0.240509, -1.57, -1.047, -0.785] grab:1002
1735209120.7613726: joint:[-0.0010000000474974513, -90.0, 89.99800109863281, 44.999000549316406, 0.0, 90.0009994506836, -60.0] pose:[-0.302661, 0.25032, 0.240505, -1.57, -1.047, -0.785] grab:1002
1735209120.7948332: joint:[-0.0010000000474974513, -90.0, 89.99700164794922, 44.99800109863281, 0.0, 90.0009994506836, -60.0] pose:[-0.302667, 0.250319, 0.240511, -1.57, -1.047, -0.785] grab:1002
1735209120.828315: joint:[-0.0010000000474974513, -90.0009994506836, 89.99800109863281, 44.999000549316406, -0.0020000000949949026, 90.0, -60.000999450683594] pose:[-0.302663, 0.250323, 0.240506, -1.57, -1.047, -0.785] grab:1002
1735209120.861753: joint:[-0.0020000000949949026, -90.0, 89.99800109863281, 44.999000549316406, 0.0, 90.0, -60.0] pose:[-0.302657, 0.25033, 0.240505, -1.57, -1.047, -0.785] grab:1002
1735209120.8952112: joint:[-0.0010000000474974513, -90.0009994506836, 89.99800109863281, 44.999000549316406, 0.0, 90.0009994506836, -60.000999450683594] pose:[-0.302661, 0.25032, 0.240499, -1.57, -1.047, -0.785] grab:1002
1735209120.9286528: joint:[-0.0010000000474974513, -90.0, 89.99800109863281, 44.999000549316406, 0.0, 90.0009994506836, -59.999000549316406] pose:[-0.302661, 0.25032, 0.240505, -1.57, -1.047, -0.785] grab:1002
1735209120.9621358: joint:[-0.0020000000949949026, -90.0, 89.99800109863281, 44.999000549316406, -0.0010000000474974513, 90.0009994506836, -60.0] pose:[-0.302654, 0.250328, 0.240509, -1.57, -1.047, -0.785] grab:1002
1735209120.995526: joint:[-0.0010000000474974513, -90.0, 89.99800109863281, 44.999000549316406, -0.0010000000474974513, 90.0009994506836, -60.0] pose:[-0.302661, 0.25032, 0.240509, -1.57, -1.047, -0.785] grab:1002
1735209121.0290086: joint:[-0.0020000000949949026, -90.0, 89.99800109863281, 44.99800109863281, -0.0010000000474974513, 90.0009994506836, -60.0] pose:[-0.302661, 0.250326, 0.240509, -1.57, -1.047, -0.785] grab:1002
1735209121.0624223: joint:[-0.0020000000949949026, -89.99800109863281, 89.99800109863281, 44.999000549316406, 0.0, 90.0009994506836, -60.0] pose:[-0.302654, 0.250328, 0.240513, -1.57, -1.047, -0.785] grab:1002
1735209121.0958521: joint:[-0.0010000000474974513, -90.0, 89.99800109863281, 44.999000549316406, 0.0010000000474974513, 90.0009994506836, -60.0] pose:[-0.302661, 0.25032, 0.240502, -1.57, -1.047, -0.785] grab:1002
1735209121.1292832: joint:[-0.0020000000949949026, -90.0, 89.99700164794922, 44.999000549316406, 0.0, 90.0009994506836, -60.000999450683594] pose:[-0.302654, 0.250328, 0.240511, -1.57, -1.047, -0.785] grab:1002
1735209121.1627107: joint:[-0.0010000000474974513, -90.0, 89.99800109863281, 44.99800109863281, -0.0010000000474974513, 90.0009994506836, -60.0] pose:[-0.302667, 0.250319, 0.240509, -1.57, -1.047, -0.785] grab:1002
1735209121.1961937: joint:[-0.0010000000474974513, -90.0009994506836, 89.99800109863281, 44.999000549316406, 0.0, 90.00199890136719, -60.0] pose:[-0.302658, 0.250318, 0.240499, -1.57, -1.047, -0.785] grab:1002
1735209121.2295876: joint:[-0.0010000000474974513, -90.0, 89.99800109863281, 44.99800109863281, 0.0, 90.0009994506836, -60.0] pose:[-0.302667, 0.250319, 0.240505, -1.57, -1.047, -0.785] grab:1002
1735209121.263011: joint:[-0.0010000000474974513, -90.0, 89.99800109863281, 44.999000549316406, 0.0, 90.0009994506836, -60.0] pose:[-0.302661, 0.25032, 0.240505, -1.57, -1.047, -0.785] grab:1002
1735209121.2964463: joint:[-0.0020000000949949026, -90.0, 89.99800109863281, 44.999000549316406, 0.0, 90.0009994506836, -60.0] pose:[-0.302654, 0.250328, 0.240505, -1.57, -1.047, -0.785] grab:1002
1735209121.3298714: joint:[-0.0010000000474974513, -90.0, 89.99800109863281, 44.99800109863281, -0.0010000000474974513, 90.0, -60.0] pose:[-0.302669, 0.250321, 0.240509, -1.57, -1.047, -0.785] grab:1002
1735209121.363297: joint:[-0.0010000000474974513, -90.0, 89.99800109863281, 44.999000549316406, 0.0, 90.0009994506836, -60.0] pose:[-0.302661, 0.25032, 0.240505, -1.57, -1.047, -0.785] grab:1002
1735209121.396745: joint:[-0.0020000000949949026, -90.0009994506836, 89.99800109863281, 44.999000549316406, -0.0010000000474974513, 90.0, -60.000999450683594] pose:[-0.302657, 0.25033, 0.240502, -1.57, -1.047, -0.785] grab:1002
1735209121.4301932: joint:[-0.0010000000474974513, -90.0, 89.99800109863281, 44.999000549316406, 0.0, 90.0009994506836, -60.0] pose:[-0.302661, 0.25032, 0.240505, -1.57, -1.047, -0.785] grab:1002
1735209121.463653: joint:[-0.0020000000949949026, -90.0, 89.99800109863281, 44.99800109863281, -0.0010000000474974513, 90.0, -60.0] pose:[-0.302663, 0.250329, 0.240509, -1.57, -1.047, -0.785] grab:1002
1735209121.4970841: joint:[-0.0020000000949949026, -90.0, 89.99800109863281, 44.99800109863281, 0.0, 90.00199890136719, -60.0] pose:[-0.302658, 0.250324, 0.240505, -1.57, -1.047, -0.785] grab:1002
1735209121.5305266: joint:[-0.0010000000474974513, -89.99800109863281, 89.99800109863281, 44.999000549316406, 0.0, 90.0, -60.0] pose:[-0.302663, 0.250323, 0.240513, -1.57, -1.047, -0.785] grab:1002
1735209121.5639966: joint:[-0.0010000000474974513, -90.0, 89.99800109863281, 44.999000549316406, 0.0, 90.0009994506836, -60.000999450683594] pose:[-0.302661, 0.25032, 0.240505, -1.57, -1.047, -0.785] grab:1002
1735209121.5974598: joint:[-0.0010000000474974513, -90.0, 89.99800109863281, 44.999000549316406, -0.0010000000474974513, 90.0009994506836, -60.0] pose:[-0.302661, 0.25032, 0.240509, -1.57, -1.047, -0.785] grab:1002
1735209121.6310346: joint:[-0.0010000000474974513, -90.0, 89.99800109863281, 44.999000549316406, 0.0, 90.00199890136719, -60.000999450683594] pose:[-0.302658, 0.250318, 0.240505, -1.57, -1.047, -0.785] grab:1002
1735209121.6644974: joint:[-0.0010000000474974513, -90.0, 89.99800109863281, 44.999000549316406, 0.0, 90.0, -60.0] pose:[-0.302663, 0.250323, 0.240505, -1.57, -1.047, -0.785] grab:1002
1735209121.697963: joint:[0.0, -90.0, 89.99700164794922, 44.99800109863281, -0.0010000000474974513, 90.0009994506836, -60.0] pose:[-0.302673, 0.250312, 0.240515, -1.57, -1.047, -0.785] grab:1002
1735209121.731403: joint:[-0.0010000000474974513, -90.0, 89.99800109863281, 44.999000549316406, 0.0, 90.0, -60.0] pose:[-0.302663, 0.250323, 0.240505, -1.57, -1.047, -0.785] grab:1002
1735209121.7889585: joint:[-0.0010000000474974513, -90.0009994506836, 89.99099731445312, 44.99800109863281, 0.0, 90.0009994506836, -60.000999450683594] pose:[-0.302667, 0.250319, 0.240528, -1.57, -1.047, -0.785] grab:1002
1735209121.8225656: joint:[0.0010000000474974513, -90.01200103759766, 89.96700286865234, 45.00199890136719, 0.006000000052154064, 89.99500274658203, -60.0] pose:[-0.30267, 0.250318, 0.240561, -1.569, -1.046, -0.786] grab:1002
1735209121.8741858: joint:[0.008999999612569809, -90.0479965209961, 89.8949966430664, 45.027000427246094, 0.09700000286102295, 89.98899841308594, -60.00400161743164] pose:[-0.302611, 0.250306, 0.240457, -1.57, -1.046, -0.785] grab:1002
1735209121.9076457: joint:[0.0, -90.06700134277344, 89.85099792480469, 45.02000045776367, 0.1599999964237213, 90.01699829101562, -59.99300003051758] pose:[-0.302548, 0.2503, 0.240388, -1.571, -1.046, -0.785] grab:1002
1735209121.9411142: joint:[-0.07100000232458115, -90.08699798583984, 89.78800201416016, 44.88100051879883, 0.2290000021457672, 90.19000244140625, -59.939998626708984] pose:[-0.302535, 0.250257, 0.240381, -1.571, -1.044, -0.787] grab:1002
1735209121.9745808: joint:[-0.1809999942779541, -90.10800170898438, 89.72899627685547, 44.53499984741211, 0.3059999942779541, 90.46800231933594, -59.8650016784668] pose:[-0.303072, 0.25006, 0.240331, -1.572, -1.042, -0.787] grab:1002
1735209122.0080516: joint:[-0.32100000977516174, -90.1259994506836, 89.6989974975586, 44.09199905395508, 0.367000013589859, 90.8290023803711, -59.792999267578125] pose:[-0.303748, 0.24979, 0.240204, -1.573, -1.041, -0.787] grab:1002
1735209122.0415187: joint:[-0.531000018119812, -90.1520004272461, 89.66200256347656, 43.2869987487793, 0.4350000023841858, 91.49400329589844, -59.68600082397461] pose:[-0.305135, 0.249039, 0.24004, -1.573, -1.039, -0.788] grab:1002
1735209122.0749767: joint:[-0.7429999709129333, -90.1780014038086, 89.63600158691406, 42.47100067138672, 0.4909999966621399, 92.06800079345703, -59.5890007019043] pose:[-0.306703, 0.248432, 0.239852, -1.574, -1.038, -0.787] grab:1002
1735209122.114762: joint:[-1.0240000486373901, -90.21499633789062, 89.5989990234375, 41.297000885009766, 0.5889999866485596, 92.98200225830078, -59.45899963378906] pose:[-0.308867, 0.247248, 0.239534, -1.575, -1.036, -0.786] grab:1002
1735209122.1787689: joint:[-1.5240000486373901, -90.2699966430664, 89.5510025024414, 39.472999572753906, 0.7160000205039978, 94.3499984741211, -59.26100158691406] pose:[-0.311965, 0.245777, 0.23906, -1.577, -1.033, -0.785] grab:1002
1735209122.212223: joint:[-1.7489999532699585, -90.28099822998047, 89.5479965209961, 38.709999084472656, 0.7680000066757202, 95.01899719238281, -59.13800048828125] pose:[-0.312994, 0.245054, 0.238857, -1.579, -1.031, -0.786] grab:1002
1735209122.2759175: joint:[-2.380000114440918, -90.21700286865234, 89.76200103759766, 36.75699996948242, 0.7419999837875366, 96.48400115966797, -58.70899963378906] pose:[-0.315741, 0.243887, 0.238367, -1.584, -1.026, -0.784] grab:1002
1735209122.3093662: joint:[-2.749000072479248, -90.1240005493164, 90.11900329589844, 35.790000915527344, 0.4650000035762787, 97.26699829101562, -58.42900085449219] pose:[-0.316712, 0.243493, 0.238148, -1.586, -1.023, -0.786] grab:1002
1735209122.3429089: joint:[-3.180000066757202, -90.0260009765625, 90.68199920654297, 34.810001373291016, -0.04399999976158142, 98.1969985961914, -58.08700180053711] pose:[-0.317195, 0.243141, 0.237776, -1.585, -1.022, -0.793] grab:1002
1735209122.3763523: joint:[-3.5999999046325684, -89.9530029296875, 91.38200378417969, 33.93899917602539, -0.6179999709129333, 99.02100372314453, -57.83300018310547] pose:[-0.317458, 0.243011, 0.236931, -1.585, -1.023, -0.8] grab:1002
1735209122.4098136: joint:[-4.807000160217285, -89.87899780273438, 93.58499908447266, 31.90399932861328, -2.4800000190734863, 101.2040023803711, -57.229000091552734] pose:[-0.316669, 0.243358, 0.2338, -1.579, -1.031, -0.827] grab:1002
1735209122.46289: joint:[-4.998000144958496, -89.8759994506836, 93.94499969482422, 31.6200008392334, -2.7899999618530273, 101.51699829101562, -57.13800048828125] pose:[-0.316454, 0.243498, 0.233282, -1.578, -1.033, -0.832] grab:1002
1735209122.4970148: joint:[-5.806000232696533, -89.88600158691406, 95.43499755859375, 30.4689998626709, -4.1579999923706055, 102.84100341796875, -56.779998779296875] pose:[-0.315349, 0.244118, 0.231326, -1.57, -1.038, -0.855] grab:1002
1735209122.530486: joint:[-6.9679999351501465, -90.07099914550781, 97.63800048828125, 28.850000381469727, -6.0920000076293945, 104.86699676513672, -56.38600158691406] pose:[-0.31341, 0.244693, 0.227503, -1.556, -1.049, -0.893] grab:1002
1735209122.573069: joint:[-7.0229997634887695, -90.08599853515625, 97.73799896240234, 28.775999069213867, -6.295000076293945, 105.04900360107422, -56.358001708984375] pose:[-0.313182, 0.244565, 0.227592, -1.551, -1.049, -0.9] grab:1002
1735209122.606542: joint:[-7.763000011444092, -90.29199981689453, 98.96900177001953, 27.7810001373291, -7.321000099182129, 106.08100128173828, -56.23699951171875] pose:[-0.31217, 0.24542, 0.224876, -1.544, -1.057, -0.919] grab:1002
1735209122.639984: joint:[-8.42300033569336, -90.46800231933594, 99.87899780273438, 26.959999084472656, -8.206000328063965, 107.11599731445312, -56.14400100708008] pose:[-0.310826, 0.246034, 0.223175, -1.533, -1.063, -0.943] grab:1002
1735209122.6734254: joint:[-9.142999649047852, -90.6500015258789, 100.64299774169922, 26.149999618530273, -8.847999572753906, 108.07499694824219, -56.04800033569336] pose:[-0.309252, 0.247109, 0.221396, -1.527, -1.067, -0.962] grab:1002
1735209122.7068944: joint:[-9.625, -90.77100372314453, 101.05000305175781, 25.5, -9.180999755859375, 108.73100280761719, -55.974998474121094] pose:[-0.308531, 0.247696, 0.220395, -1.524, -1.069, -0.973] grab:1002
1735209122.7403483: joint:[-10.288000106811523, -90.94300079345703, 101.40899658203125, 24.700000762939453, -9.406999588012695, 109.6510009765625, -55.87200164794922] pose:[-0.307121, 0.248563, 0.219118, -1.522, -1.07, -0.988] grab:1002
1735209122.7737844: joint:[-10.930000305175781, -91.11100006103516, 101.52799987792969, 23.97599983215332, -9.340999603271484, 110.55400085449219, -55.777000427246094] pose:[-0.305498, 0.24942, 0.217961, -1.524, -1.07, -1.001] grab:1002
1735209122.8078656: joint:[-11.729999542236328, -91.30400085449219, 101.47100067138672, 23.086999893188477, -8.769000053405762, 111.54399871826172, -55.69599914550781] pose:[-0.303525, 0.250729, 0.216109, -1.538, -1.072, -1.005] grab:1002
1735209122.8459065: joint:[-13.095000267028809, -91.63400268554688, 100.79499816894531, 21.69499969482422, -6.73799991607666, 113.15499877929688, -55.529998779296875] pose:[-0.299689, 0.2531, 0.212286, -1.582, -1.075, -0.998] grab:1002
1735209122.9040053: joint:[-13.343999862670898, -91.68699645996094, 100.53299713134766, 21.349000930786133, -6.085000038146973, 113.53800201416016, -55.47800064086914] pose:[-0.299165, 0.253228, 0.211451, -1.596, -1.076, -0.991] grab:1002
1735209122.937488: joint:[-13.946999549865723, -91.79900360107422, 100.0009994506836, 20.707000732421875, -4.730999946594238, 114.21600341796875, -55.36199951171875] pose:[-0.297602, 0.25423, 0.209628, -1.626, -1.077, -0.979] grab:1002
1735209122.997382: joint:[-15.20199966430664, -91.88400268554688, 98.99099731445312, 19.44700050354004, -2.0880000591278076, 115.49099731445312, -54.97200012207031] pose:[-0.294434, 0.256587, 0.206763, -1.686, -1.075, -0.952] grab:1002
1735209123.0309422: joint:[-15.836000442504883, -91.85900115966797, 98.55400085449219, 18.81399917602539, -0.7120000123977661, 116.09600067138672, -54.63999938964844] pose:[-0.292937, 0.257775, 0.205403, -1.72, -1.072, -0.934] grab:1002
1735209123.0644472: joint:[-16.5310001373291, -91.76799774169922, 98.18699645996094, 18.13800048828125, 0.8989999890327454, 116.822998046875, -54.09199905395508] pose:[-0.291239, 0.25883, 0.203775, -1.763, -1.066, -0.912] grab:1002
1735209123.097945: joint:[-17.118000030517578, -91.63899993896484, 98.00700378417969, 17.589000701904297, 2.0299999713897705, 117.37300109863281, -53.57899856567383] pose:[-0.289869, 0.259862, 0.202857, -1.796, -1.06, -0.896] grab:1002
1735209123.1314135: joint:[-17.851999282836914, -91.42900085449219, 98.01300048828125, 16.90999984741211, 3.3540000915527344, 118.01499938964844, -52.94300079345703] pose:[-0.288249, 0.261148, 0.201579, -1.84, -1.053, -0.872] grab:1002
1735209123.164859: joint:[-19.277999877929688, -90.88899993896484, 98.7969970703125, 15.717000007629395, 5.493000030517578, 119.1520004272461, -51.41400146484375] pose:[-0.285071, 0.26358, 0.198843, -1.931, -1.036, -0.825] grab:1002
1735209123.2117379: joint:[-19.483999252319336, -90.77400207519531, 99.06700134277344, 15.506999969482422, 5.828999996185303, 119.33899688720703, -51.16400146484375] pose:[-0.284783, 0.263728, 0.198246, -1.949, -1.034, -0.813] grab:1002
1735209123.24519: joint:[-20.22100067138672, -90.42500305175781, 99.99700164794922, 14.878000259399414, 6.781000137329102, 119.88099670410156, -50.29600143432617] pose:[-0.283447, 0.264698, 0.196358, -2.004, -1.026, -0.781] grab:1002
1735209123.2786436: joint:[-20.81599998474121, -90.1259994506836, 100.93199920654297, 14.355999946594238, 7.656000137329102, 120.322998046875, -49.459999084472656] pose:[-0.282566, 0.265189, 0.194359, -2.055, -1.017, -0.751] grab:1002
1735209123.3122928: joint:[-21.559999465942383, -89.76200103759766, 102.18099975585938, 13.72599983215332, 8.63700008392334, 120.79000091552734, -48.56700134277344] pose:[-0.281566, 0.265898, 0.191938, -2.118, -1.008, -0.712] grab:1002
1735209123.345724: joint:[-22.736000061035156, -89.17400360107422, 104.20800018310547, 12.758999824523926, 10.07800006866455, 121.51000213623047, -47.040000915527344] pose:[-0.280129, 0.26686, 0.188636, -2.21, -0.99, -0.66] grab:1002
1735209123.3884442: joint:[-23.017000198364258, -89.0270004272461, 104.6989974975586, 12.520000457763672, 10.536999702453613, 121.71800231933594, -46.58599853515625] pose:[-0.279869, 0.266871, 0.187747, -2.233, -0.984, -0.647] grab:1002
1735209123.4219015: joint:[-23.634000778198242, -88.697998046875, 105.78399658203125, 12.04699993133545, 11.302000045776367, 122.02100372314453, -45.83300018310547] pose:[-0.279266, 0.267392, 0.18627, -2.28, -0.973, -0.62] grab:1002
1735209123.4553924: joint:[-24.249000549316406, -88.40699768066406, 106.83300018310547, 11.428000450134277, 12.262999534606934, 122.33200073242188, -44.84299850463867] pose:[-0.279227, 0.267574, 0.184493, -2.327, -0.958, -0.594] grab:1002
1735209123.4897099: joint:[-25.47100067138672, -88.33599853515625, 108.59100341796875, 10.123000144958496, 14.086999893188477, 122.79499816894531, -42.71200180053711] pose:[-0.279022, 0.268216, 0.17896, -2.397, -0.931, -0.559] grab:1002
1735209123.5531883: joint:[-25.52899932861328, -88.36699676513672, 108.64299774169922, 10.055000305175781, 14.170000076293945, 122.81300354003906, -42.5359992980957] pose:[-0.278989, 0.268265, 0.178567, -2.398, -0.929, -0.56] grab:1002
1735209123.5866332: joint:[-25.974000930786133, -88.78800201416016, 108.96900177001953, 9.513999938964844, 14.670000076293945, 122.9489974975586, -41.82600021362305] pose:[-0.278433, 0.268757, 0.174771, -2.408, -0.927, -0.558] grab:1002
1735209123.6200566: joint:[-26.23900032043457, -89.26100158691406, 109.06600189208984, 9.119999885559082, 14.894000053405762, 123.02200317382812, -41.35499954223633] pose:[-0.277968, 0.269074, 0.171466, -2.408, -0.928, -0.561] grab:1002
1735209123.653544: joint:[-26.476999282836914, -89.87999725341797, 109.08100128173828, 8.694000244140625, 14.916999816894531, 123.06600189208984, -40.96799850463867] pose:[-0.277391, 0.269495, 0.167729, -2.401, -0.932, -0.567] grab:1002
1735209123.6869838: joint:[-26.621000289916992, -90.45700073242188, 109.0469970703125, 8.34000015258789, 14.784000396728516, 123.0770034790039, -40.68199920654297] pose:[-0.276974, 0.269792, 0.164557, -2.39, -0.937, -0.575] grab:1002
1735209123.7204232: joint:[-26.742000579833984, -91.26300048828125, 108.93199920654297, 7.889999866485596, 14.347999572753906, 123.0770034790039, -40.46799850463867] pose:[-0.276438, 0.27018, 0.16065, -2.368, -0.945, -0.589] grab:1002
1735209123.7569456: joint:[-26.770999908447266, -91.77400207519531, 108.8030014038086, 7.609000205993652, 13.934000015258789, 123.0739974975586, -40.402000427246094] pose:[-0.276203, 0.270387, 0.158521, -2.349, -0.952, -0.6] grab:1002
1735209123.8182282: joint:[-26.775999069213867, -93.01300048828125, 108.4520034790039, 7.013999938964844, 12.788999557495117, 123.00800323486328, -40.37300109863281] pose:[-0.275652, 0.270879, 0.153592, -2.299, -0.967, -0.628] grab:1002
1735209123.8517334: joint:[-26.72800064086914, -93.73500061035156, 108.15399932861328, 6.689000129699707, 12.15999984741211, 122.94100189208984, -40.40700149536133] pose:[-0.275524, 0.271015, 0.150807, -2.269, -0.977, -0.644] grab:1002
1735209123.885212: joint:[-26.650999069213867, -94.2770004272461, 107.83000183105469, 6.453000068664551, 11.609000205993652, 122.9020004272461, -40.52000045776367] pose:[-0.275522, 0.271063, 0.149076, -2.242, -0.984, -0.659] grab:1002
1735209123.9186785: joint:[-26.500999450683594, -94.88200378417969, 107.32599639892578, 6.178999900817871, 11.0649995803833, 122.89299774169922, -40.678001403808594] pose:[-0.275815, 0.270785, 0.147355, -2.209, -0.992, -0.677] grab:1002
1735209123.9521499: joint:[-26.351999282836914, -95.30500030517578, 106.76499938964844, 5.946000099182129, 10.600000381469727, 122.8949966430664, -40.90399932861328] pose:[-0.276275, 0.270595, 0.146771, -2.178, -0.999, -0.693] grab:1002
1735209123.9856958: joint:[-26.143999099731445, -95.80599975585938, 106.052001953125, 5.699999809265137, 10.064000129699707, 122.93099975585938, -41.18299865722656] pose:[-0.276867, 0.270171, 0.146169, -2.14, -1.006, -0.714] grab:1002
1735209124.019155: joint:[-25.940000534057617, -96.19999694824219, 105.37899780273438, 5.515999794006348, 9.604000091552734, 123.00399780273438, -41.505001068115234] pose:[-0.27745, 0.269658, 0.146045, -2.106, -1.013, -0.733] grab:1002
1735209124.0526407: joint:[-25.683000564575195, -96.58999633789062, 104.52300262451172, 5.291999816894531, 8.980999946594238, 123.12100219726562, -41.895999908447266] pose:[-0.278329, 0.269037, 0.146699, -2.061, -1.018, -0.76] grab:1002
1735209124.086094: joint:[-25.444000244140625, -96.89199829101562, 103.78900146484375, 5.120999813079834, 8.38700008392334, 123.25, -42.22800064086914] pose:[-0.279166, 0.268386, 0.147606, -2.02, -1.022, -0.786] grab:1002
1735209124.1196437: joint:[-25.149999618530273, -97.21499633789062, 102.9000015258789, 4.946000099182129, 7.6620001792907715, 123.44599914550781, -42.696998596191406] pose:[-0.280182, 0.26748, 0.149024, -1.971, -1.027, -0.818] grab:1002
1735209124.1547847: joint:[-24.867000579833984, -97.52100372314453, 102.03600311279297, 4.7829999923706055, 6.965000152587891, 123.63300323486328, -43.143001556396484] pose:[-0.281219, 0.26655, 0.150438, -1.922, -1.03, -0.849] grab:1002
1735209124.1892827: joint:[-24.32699966430664, -98.07599639892578, 100.44999694824219, 4.474999904632568, 5.632999897003174, 124.01899719238281, -43.957000732421875] pose:[-0.28336, 0.264476, 0.153219, -1.83, -1.033, -0.911] grab:1002
1735209124.2474675: joint:[-24.259000778198242, -98.1449966430664, 100.23300170898438, 4.439000129699707, 5.48199987411499, 124.052001953125, -44.07699966430664] pose:[-0.283658, 0.26423, 0.153569, -1.819, -1.033, -0.918] grab:1002
1735209124.2809534: joint:[-23.950000762939453, -98.49600219726562, 98.99700164794922, 4.230999946594238, 4.429999828338623, 124.28700256347656, -44.82699966430664] pose:[-0.285067, 0.263177, 0.156232, -1.749, -1.033, -0.966] grab:1002
1735209124.324238: joint:[-23.882999420166016, -98.57599639892578, 98.6709976196289, 4.184000015258789, 4.209000110626221, 124.3219985961914, -45.02399826049805] pose:[-0.285411, 0.262985, 0.15689, -1.733, -1.033, -0.976] grab:1002
1735209124.3576906: joint:[-23.805999755859375, -98.68299865722656, 98.08100128173828, 4.098999977111816, 3.7899999618530273, 124.37000274658203, -45.452999114990234] pose:[-0.285918, 0.2629, 0.158341, -1.704, -1.033, -0.996] grab:1002
1735209124.3911524: joint:[-23.70400047302246, -98.80599975585938, 97.15599822998047, 4.011000156402588, 3.1549999713897705, 124.40599822998047, -46.21799850463867] pose:[-0.286636, 0.262945, 0.160841, -1.66, -1.033, -1.026] grab:1002
1735209124.4246047: joint:[-23.666000366210938, -98.86699676513672, 96.46199798583984, 3.937999963760376, 2.628000020980835, 124.40899658203125, -46.821998596191406] pose:[-0.287129, 0.263201, 0.163016, -1.626, -1.033, -1.049] grab:1002
1735209124.458084: joint:[-23.645000457763672, -98.91200256347656, 95.6989974975586, 3.8559999465942383, 2.114000082015991, 124.40899658203125, -47.42499923706055] pose:[-0.287629, 0.263525, 0.165413, -1.592, -1.031, -1.074] grab:1002
